name: virtualchoir
channels:
  - conda-forge
  - defaults
dependencies:
  - blas=1.0=mkl
  - bzip2=1.0.8=he774522_0
  - ca-certificates=2021.7.5=haa95532_1
  - certifi=2021.5.30=py38haa95532_0
  - cmake=3.19.6=h9ad04ae_0
  - cycler=0.10.0=py38_0
  - dlib=19.22.0=py38h085cf52_0
  - ffmpeg=4.2.2=he774522_0
  - freetype=2.10.4=hd328e21_0
  - git=2.23.0=h6bb4b03_0
  - hdf5=1.10.4=h7ebc959_0
  - icc_rt=2019.0.0=h0cc432a_1
  - icu=58.2=ha925a31_3
  - intel-openmp=2021.2.0=haa95532_616
  - jpeg=9d=h8ffe710_0
  - kiwisolver=1.3.1=py38hd77b12b_0
  - libopencv=4.0.1=hbb9e17c_0
  - libpng=1.6.37=h2a8f88b_0
  - libtiff=4.2.0=hd0e1b90_0
  - libuv=1.40.0=he774522_0
  - lz4-c=1.9.3=h2bbff1b_0
  - m2w64-binutils=2.25.1=5
  - m2w64-bzip2=1.0.6=6
  - m2w64-crt-git=5.0.0.4636.2595836=2
  - m2w64-gcc=5.3.0=6
  - m2w64-gcc-libgfortran=5.3.0=6
  - m2w64-gcc-libs=5.3.0=7
  - m2w64-gcc-libs-core=5.3.0=7
  - m2w64-gmp=6.1.0=2
  - m2w64-headers-git=5.0.0.4636.c0ad18a=2
  - m2w64-isl=0.16.1=2
  - m2w64-libiconv=1.14=6
  - m2w64-libwinpthread-git=5.0.0.4634.697f757=2
  - m2w64-mpc=1.0.3=3
  - m2w64-mpfr=3.1.4=4
  - m2w64-windows-default-manifest=6.4=3
  - m2w64-winpthreads-git=5.0.0.4634.697f757=2
  - m2w64-zlib=1.2.8=10
  - matplotlib=3.3.4=py38haa95532_0
  - matplotlib-base=3.3.4=py38h49ac443_0
  - mkl=2021.2.0=haa95532_296
  - mkl-service=2.3.0=py38h2bbff1b_1
  - mkl_fft=1.3.0=py38h277e83a_2
  - mkl_random=1.2.1=py38hf11a4ad_2
  - msys2-conda-epoch=20160418=1
  - numpy=1.20.2=py38ha4e8547_0
  - numpy-base=1.20.2=py38hc2deb75_0
  - olefile=0.46=py_0
  - opencv=4.0.1=py38h2a7c758_0
  - openssl=1.1.1k=h2bbff1b_0
  - pillow=8.3.1=py38h4fa10fc_0
  - pip=21.1.3=py38haa95532_0
  - py-opencv=4.0.1=py38he44ac1e_0
  - pyparsing=2.4.7=pyhd3eb1b0_0
  - pyqt=5.9.2=py38ha925a31_4
  - python=3.8.10=hdbf39b2_7
  - python-dateutil=2.8.1=pyhd3eb1b0_0
  - python_abi=3.8=2_cp38
  - qt=5.9.7=vc14h73c81de_0
  - scipy=1.6.2=py38h66253e8_1
  - setuptools=52.0.0=py38haa95532_0
  - sip=4.19.13=py38ha925a31_0
  - six=1.16.0=pyhd3eb1b0_0
  - sqlite=3.36.0=h2bbff1b_0
  - tk=8.6.10=he774522_0
  - tornado=6.1=py38h2bbff1b_0
  - tqdm=4.61.2=pyhd3eb1b0_1
  - vc=14.2=h21ff451_1
  - vs2015_runtime=14.27.29016=h5e58377_2
  - wheel=0.36.2=pyhd3eb1b0_0
  - wincertstore=0.2=py38_0
  - xz=5.2.5=h62dcd97_0
  - zlib=1.2.11=h62dcd97_4
  - zstd=1.4.9=h19a0ad4_0
  - pip:
    - appdirs==1.4.4
    - audioread==2.1.9
    - cffi==1.14.6
    - charset-normalizer==2.0.1
    - decorator==5.0.9
    - idna==3.2
    - joblib==1.0.1
    - librosa==0.8.1
    - llvmlite==0.36.0
    - numba==0.53.1
    - packaging==21.0
    - pooch==1.4.0
    - pycparser==2.20
    - pydub==0.25.1
    - requests==2.26.0
    - resampy==0.2.2
    - scikit-learn==0.24.2
    - sk-video==1.1.10
    - soundfile==0.10.3.post1
    - threadpoolctl==2.2.0
    - urllib3==1.26.6
prefix: C:\Users\Curt\anaconda3\envs\virtualchoir-devel
